save1.save
DAY=9
MONEY=1500
STATS: H=6.000000 D=1.000000 S=1.100000 A=1.100000
WEAPON: 'name_wep' 'desc_wep' D=0.000000 A=0.000000
WEAPON: 'name_wep' 'desc_wep' D=1.000000 A=10.000000
WEAPON: 'name_wep' 'desc_wep' D=2.000000 A=20.000000
WEAPON: 'name_wep' 'desc_wep' D=3.000000 A=30.000000
PLANT: 3 3
PLANT: 3 3
PLANT: 2 3
PLANT: 3 3
ID=5 QUANT=2
ID=4 QUANT=1
ID=3 QUANT=2
ID=2 QUANT=5
ID=1 QUANT=3
